Feature	Gain	Cover	Frequency
cextraccion_autoservicio	0.223021660604224	0.0293204880496821	0.0124378109452736
mpayroll	0.149187573692969	0.127747424150998	0.0313432835820896
catm_trx	0.0995901236866938	0.0221589032539245	0.0129353233830846
chomebanking_trx	0.0876873027687501	0.00755560911989022	0.0194029850746269
Master_Fvencimiento	0.0606631071929448	0.0212854524405839	0.0293532338308458
Visa_msaldopesos	0.0590016871718039	0.0165568431551038	0.0169154228855721
mtransferencias_emitidas	0.0510124307571452	0.00532903162151756	0.0134328358208955
mcaja_ahorro	0.0284179483948799	0.00384717823266352	0.0134328358208955
ctarjeta_debito_trx	0.025914507960413	0.00348385062515201	0.00845771144278607
mpasivos_margen	0.0216247509415597	0.0305070499067854	0.018407960199005
Visa_mconsumospesos	0.0196059312257519	0.00286479261624715	0.0169154228855721
Visa_cconsumos	0.0186703842914211	0.000788547413232579	0.00746268656716418
Master_fechaalta	0.0186141535209915	0.0120415692488001	0.027363184079602
Visa_mpagospesos	0.0165261737466735	0.00209052801798601	0.0139303482587065
mcuentas_saldo	0.0159828622507954	0.0187957990931183	0.0253731343283582
mcomisiones	0.0128827040727552	0.00569693879827388	0.0159203980099502
mcomisiones_otras	0.0107329998118735	0.00429944470229082	0.0104477611940299
mcaja_ahorro_dolares	0.00766142292693824	0.00951999494343008	0.0114427860696517
cliente_antiguedad	0.00759650961779319	0.003759463611831	0.0159203980099502
mextraccion_autoservicio	0.00738506909821704	0.00558854810243508	0.0144278606965174
Visa_mpagominimo	0.00736990466140551	0.0017600508849088	0.00895522388059702
mrentabilidad_annual	0.00604768377529088	0.0209253668053596	0.027363184079602
matm_other	0.00546375090544633	0.000562402842851492	0.00348258706467662
mcuenta_corriente	0.00422757427956747	0.00916519168263168	0.0243781094527363
Visa_msaldototal	0.00396035988504604	0.00743626826590666	0.00746268656716418
ctrx_quarter	0.00354241414716083	0.134113320126037	0.0378109452736318
ctransferencias_emitidas	0.00271533359117256	0.00343882575128967	0.00696517412935323
ccomisiones_otras	0.00268430667232173	0.00892920783971471	0.0154228855721393
Master_mpagospesos	0.00260682412151399	0.0143179552304938	0.0144278606965174
Visa_fechaalta	0.00184304422401578	0.00521322746457454	0.018407960199005
cliente_edad	0.00171967930808571	0.017481802786881	0.0288557213930348
mtarjeta_visa_debitos_automaticos	0.00159459288648466	0.0111973641994487	0.0124378109452736
ctarjeta_visa_trx2	0.0014066149169695	0.013557996118339	0.00796019900497512
mtransferencias_recibidas	0.00124896821205884	0.0106034484791205	0.0129353233830846
mautoservicio	0.00120446830189722	0.00164572035173268	0.00895522388059702
Master_mfinanciacion_limite	0.000993735869979942	0.00300777946390565	0.017910447761194
Visa_mfinanciacion_limite	0.000840684628354671	0.003778734076475	0.0169154228855721
Visa_Fvencimiento	0.000669866684296034	0.0036663079186284	0.026865671641791
numero_de_cliente	0.000645469939931921	0.00574590844960452	0.0278606965174129
mtarjeta_master_consumo	0.000490261128769746	0.0033265582913872	0.00447761194029851
ctarjeta_visa_trx	0.000453014088097233	0.0173853371079866	0.0099502487562189
mrentabilidad	0.00043025980644448	0.00446682569107514	0.0159203980099502
mttarjeta_master_debitos_automaticos	0.00034255337935329	0.00171876674830089	0.00497512437810945
Visa_mpagado	0.000322714647082475	0.00138516099861089	0.0054726368159204
Visa_mconsumosdolares	0.000305209314418458	0.00105536399957995	0.00447761194029851
cseguro_accidentes_personales	0.000272296356155288	0.0023892655622378	0.00248756218905473
matm	0.0002612885848264	0.0132949882826507	0.00646766169154229
Master_mconsumospesos	0.000229390654369887	0.00408567857155164	0.00398009950248756
mactivos_margen	0.000227297970621189	0.0228023554039552	0.0199004975124378
ccajas_depositos	0.000223571817395989	0.000147793128252061	0.00099502487562189
cprestamos_personales	0.000220534188112848	0.00642017067193072	0.00845771144278607
ctarjeta_debito	0.000195506376617125	0.00211165751568979	0.00696517412935323
cinversion2	0.000185623583955253	0.00360872323604515	0.00149253731343284
ccuenta_debitos_automaticos	0.000180724136785953	0.00620907973510683	0.00398009950248756
minversion2	0.00017433304267252	0.00665633588392669	0.00248756218905473
Visa_Finiciomora	0.000171333259110547	0.003788732046955	0.00298507462686567
mplazo_fijo_dolares	0.000171247853995245	0.00770959146796324	0.00497512437810945
Visa_msaldodolares	0.000167686933653622	0.00426518861749424	0.0054726368159204
mprestamos_personales	0.000157813066668935	0.0159424100577135	0.0139303482587065
cpayroll_trx	0.000154830530788379	0.0428562437847084	0.0104477611940299
Master_mpagominimo	0.00015306300071663	0.00213072394011991	0.00646766169154229
cpagomiscuentas	0.000150206942360258	0.033866436001472	0.0114427860696517
mtarjeta_visa_descuentos	0.000130853286346494	0.0118228154683884	0.00696517412935323
mpagomiscuentas	0.000126542462899294	0.0105531639019671	0.00746268656716418
cforex	0.000106908991505401	0.000109229527829181	0.00099502487562189
Visa_mlimitecompra	0.000104526925360256	0.00363332141738484	0.00298507462686567
mtarjeta_visa_consumo	0.000103033493232396	0.00242896271940444	0.00597014925373134
mcuenta_debitos_automaticos	0.000102838606780144	0.00392231037364025	0.00597014925373134
ctarjeta_visa_debitos_automaticos	9.59914271984544e-05	0.00599934906637546	0.00597014925373134
catm_trx_other	8.95864280355462e-05	0.0154152154873233	0.00796019900497512
cproductos	8.05538290753536e-05	0.00985346466631082	0.0114427860696517
Master_mlimitecompra	6.35500609899747e-05	0.00214264895706432	0.00248756218905473
ctarjeta_visa_descuentos	4.99054560482988e-05	0.00411301996021125	0.00149253731343284
Visa_mpagosdolares	4.04614652938181e-05	0.00198011959114331	0.00497512437810945
mcheques_depositados	3.98989414812691e-05	0.0016836945026488	0.00199004975124378
ccallcenter_trx	3.98877280666067e-05	0.00280090535816856	0.00597014925373134
Master_msaldototal	3.66101016733278e-05	1.43281572411877e-05	0.00149253731343284
internet	3.56333239680728e-05	0.00335147386861515	0.00348258706467662
Master_cconsumos	3.33459015344405e-05	0.00806877025779257	0.00646766169154229
mcomisiones_mantenimiento	3.28790921186891e-05	0.00294157975006978	0.00796019900497512
ctarjeta_master_debitos_automaticos	3.19137352818211e-05	0.0055596197343342	0.00348258706467662
Master_mpagado	2.98354762309989e-05	0.000196468054829324	0.00149253731343284
ccajas_consultas	2.64583190843453e-05	0.00424970423237442	0.00497512437810945
mcaja_ahorro_adicional	2.61541274569658e-05	0.00646106939924576	0.00796019900497512
Master_msaldopesos	2.60857030278177e-05	0.0039966036826266	0.00597014925373134
tpaquete9	2.58329911677519e-05	0.000362715486869876	0.00199004975124378
Master_fultimo_cierre	2.52750415746184e-05	0.00234002385728865	0.00398009950248756
ccomisiones_mantenimiento	2.48261982502132e-05	0.00184087348073924	0.00348258706467662
tpaquete7	2.42618745737854e-05	0.00801723876822102	0.00597014925373134
ctransferencias_recibidas	2.08082305040686e-05	0.00106325355451655	0.0054726368159204
cpagodeservicios	2.04309147224852e-05	0.00339130705259105	0.00199004975124378
mdescubierto_preacordado	1.80127819553622e-05	0.00241520134053514	0.00199004975124378
mforex_sell	1.55834751781948e-05	0.00057296759170338	0.00248756218905473
Master_mpagosdolares	1.53036999753233e-05	0.0097584045977787	0.00398009950248756
mtarjeta_master_descuentos	1.41906527948699e-05	0.00063780703744673	0.00149253731343284
cmobile_app_trx	1.27109921947098e-05	9.38584983837294e-06	0.00099502487562189
cseguro_auto	1.0939064451687e-05	0.00024203703592867	0.00149253731343284
mprestamos_prendarios	8.80621513151144e-06	0.000449863329330518	0.00149253731343284
ccaja_seguridad	8.50046919476649e-06	0.00696362044602647	0.00298507462686567
cliente_vip	8.44506176248757e-06	0.00252826229015824	0.00199004975124378
mforex_buy	8.39943527110788e-06	0.0020781495783441	0.00199004975124378
Master_Finiciomora	7.68596279732597e-06	0.00154394962727747	0.00199004975124378
Visa_fultimo_cierre	7.45352355088324e-06	0.00113904315840467	0.00149253731343284
ctarjeta_master_trx	6.87443666386765e-06	0.000711760279409948	0.00099502487562189
tcallcenter	5.97505397462065e-06	0.000132490112211235	0.000497512437810945
ctarjeta_visa	5.6702155030509e-06	0.000804099811757033	0.00099502487562189
tcuentas	4.99100727628907e-06	0.000166678183603183	0.00099502487562189
cseguro_vida	4.61830922338708e-06	0.00010571550192351	0.00099502487562189
mcheques_emitidos	4.32841958906185e-06	0.0129429055580373	0.00248756218905473
tmobile_app	4.21447321632596e-06	0.000355959488677038	0.00199004975124378
thomebanking	3.88542910598091e-06	4.18282438449229e-05	0.00099502487562189
active_quarter	3.27903790919368e-06	0.000991998177603494	0.00099502487562189
mprestamos_hipotecarios	2.69921382744817e-06	0.000336802379707412	0.000497512437810945
Master_status	2.58669480973829e-06	0.000579927630110097	0.00099502487562189
ccajas_otras	2.37606756468236e-06	0.00137375741776862	0.000497512437810945
ccheques_depositados	1.95831409762301e-06	0.000127253080055042	0.000497512437810945
cseguro_vivienda	1.87691902998005e-06	0.000382280676267258	0.000497512437810945
cforex_buy	1.68850353070855e-06	7.8328770994151e-05	0.000497512437810945
mcajeros_propios_descuentos	1.63462804953747e-06	0.000433834836973683	0.00099502487562189
ccaja_ahorro	1.54597084599416e-06	0.00109814443108963	0.000497512437810945
Master_mconsumosdolares	1.24046230275715e-06	0.00177612471953539	0.000497512437810945
ccajeros_propios_descuentos	9.09102881360023e-07	0.00111548784926924	0.000497512437810945
Visa_status	7.23060592818399e-07	0.000796074230011178	0.000497512437810945
Master_msaldodolares	6.61803699513321e-07	0.00158888381660031	0.000497512437810945
