fecha	gamma	alpha	lambda	subsample	tree_method	grow_policy	max_bin	max_leaves	scale_pos_weight	eta	colsample_bytree	min_child_weight	max_depth	prob_corte	nrounds	ganancia	iteracion
20220608 010929	0	0	0	1	auto	depthwise	256	0	1	0.0205351809475937	0.564043350161792	6	3	0.013017976954662	645	13769000	71
20220608 052453	0	0	0	1	auto	depthwise	256	0	1	0.0103159046942571	0.408888177450396	2	4	0.0172166384253813	529	13685000	89
20220608 092457	0	0	0	1	auto	depthwise	256	0	1	0.0315622849502496	0.338142190122511	6	3	0.0154262687205323	293	13681000	106
20220608 005146	0	0	0	1	auto	depthwise	256	0	1	0.0231263955369244	0.423878364301904	6	4	0.0139106166488899	262	13580000	69
20220608 013428	0	0	0	1	auto	depthwise	256	0	1	0.0208156942602341	0.999652077558632	10	8	0.0138635838999163	129	13571000	73
20220608 003026	0	0	0	1	auto	depthwise	256	0	1	0.010051539888649	0.433712139258025	6	4	0.014165902239744	478	13503000	67
20220607 192156	0	0	0	1	auto	depthwise	256	0	1	0.026550221842205	0.419827730203723	9	6	0.0136717335889974	208	13478000	47
20220607 215601	0	0	0	1	auto	depthwise	256	0	1	0.0100044593246659	0.479637851262256	9	30	0.0141379651677113	226	13477000	58
20220608 084056	0	0	0	1	auto	depthwise	256	0	1	0.0824330909029271	0.999812641509401	10	7	0.0147059912043756	43	13477000	101
20220607 223907	0	0	0	1	auto	depthwise	256	0	1	0.010137337621679	0.418183625449509	6	7	0.0135875909084633	229	13472000	61
20220608 075737	0	0	0	1	auto	depthwise	256	0	1	0.0184301375997047	0.981605628405173	3	3	0.0130950470394005	320	13469000	97
20220607 202437	0	0	0	1	auto	depthwise	256	0	1	0.011696757469143	0.434579387736848	9	11	0.0134656353494554	178	13463000	50
20220608 045204	0	0	0	1	auto	depthwise	256	0	1	0.0316789848116135	0.583861124737562	7	3	0.0135701314796859	239	13455000	87
20220608 074504	0	0	0	1	auto	depthwise	256	0	1	0.010329049135283	0.412018021285285	10	16	0.0136600900006006	224	13450000	96
20220608 024723	0	0	0	1	auto	depthwise	256	0	1	0.0100733474195932	0.438635871699009	10	21	0.0134783603501314	285	13439000	77
20220607 161809	0	0	0	1	auto	depthwise	256	0	1	0.0101352329518575	0.67928405624236	9	30	0.0134115599749662	169	13427000	35
20220607 220610	0	0	0	1	auto	depthwise	256	0	1	0.0238672143377934	0.409525941036054	9	9	0.0148813897526176	186	13425000	59
20220608 041908	0	0	0	1	auto	depthwise	256	0	1	0.0719663071560619	0.99871972658168	10	4	0.0128548017478703	63	13405000	83
20220608 085047	0	0	0	1	auto	depthwise	256	0	1	0.0146118447676798	0.404968799584021	3	3	0.0132957193181349	603	13404000	102
20220607 222329	0	0	0	1	auto	depthwise	256	0	1	0.0102400786481234	0.406424160492725	10	6	0.0135490966546185	484	13403000	60
20220608 044625	0	0	0	1	auto	depthwise	256	0	1	0.0475333013106266	0.53439206105058	5	3	0.0134775358930276	186	13399000	86
20220607 175214	0	0	0	1	auto	depthwise	256	0	1	0.0151367112734592	0.562447502547931	8	30	0.0141755406904691	166	13374000	38
20220608 093649	0	0	0	1	auto	depthwise	256	0	1	0.0235803583017485	0.999125742614325	6	3	0.013999522581334	350	13365000	107
20220608 005744	0	0	0	1	auto	depthwise	256	0	1	0.0313831882785754	0.389657401782762	6	5	0.0142547859066115	201	13357000	70
20220608 064853	0	0	0	1	auto	depthwise	256	0	1	0.0102631939104118	0.375804086745645	0	3	0.0166524530506874	1026	13335000	94
20220608 044011	0	0	0	1	auto	depthwise	256	0	1	0.0102223601526816	0.350639356807129	10	17	0.0117252633701461	269	13326000	84
20220607 225208	0	0	0	1	auto	depthwise	256	0	1	0.0102737391368377	0.405820046009732	5	6	0.0134191649260388	172	13310000	62
20220608 004456	0	0	0	1	auto	depthwise	256	0	1	0.0100374025185679	0.42350054859811	7	6	0.0138848807377507	269	13307000	68
20220608 094214	0	0	0	1	auto	depthwise	256	0	1	0.0747229605122388	0.999988937912777	1	3	0.0165000532375792	148	13275000	108
20220608 001347	0	0	0	1	auto	depthwise	256	0	1	0.0101446933168233	0.466576155302927	6	11	0.014298737393681	761	13269000	64
20220608 083448	0	0	0	1	auto	depthwise	256	0	1	0.0229342709762657	0.497025108669643	6	4	0.0130240746517883	170	13260000	100
20220608 040038	0	0	0	1	auto	depthwise	256	0	1	0.0345255422038779	0.999398336959557	0	3	0.0128690244998045	197	13229000	80
20220608 041004	0	0	0	1	auto	depthwise	256	0	1	0.0156927630250937	0.45296033733295	6	6	0.012616004937952	130	13224000	81
20220607 181232	0	0	0	1	auto	depthwise	256	0	1	0.0213478885496631	0.672675843220619	9	18	0.01420070130676	129	13223000	39
20220608 041436	0	0	0	1	auto	depthwise	256	0	1	0.0296661696628651	0.418470269681515	10	3	0.0136162106045122	225	13222000	82
20220608 055848	0	0	0	1	auto	depthwise	256	0	1	0.0100280363749544	0.582673647316631	2	4	0.0122555176887737	577	13217000	91
20220607 211134	0	0	0	1	auto	depthwise	256	0	1	0.0203117825567392	0.412560517126746	8	14	0.0132596614921667	129	13215000	55
20220607 152316	0	0	0	1	auto	depthwise	256	0	1	0.010025500547458	0.65354343666496	5	7	0.015747864469068	212	13211000	33
20220607 205900	0	0	0	1	auto	depthwise	256	0	1	0.0194274803951367	0.740414728019192	9	7	0.013739080126385	100	13198000	54
20220607 135740	0	0	0	1	auto	depthwise	256	0	1	0.0102335165738964	0.951902209015034	5	4	0.0163780492938127	1330	13196000	31
20220607 212641	0	0	0	1	auto	depthwise	256	0	1	0.0414958975669082	0.514087311617634	9	2	0.0134767426276242	246	13193000	57
20220607 154029	0	0	0	1	auto	depthwise	256	0	1	0.0102332689873528	0.203501039046841	9	30	0.0141877186337571	377	13190000	34
20220607 195018	0	0	0	1	auto	depthwise	256	0	1	0.0101090284483531	0.452835258454287	6	30	0.0132980779985994	114	13172000	48
20220607 204041	0	0	0	1	auto	depthwise	256	0	1	0.0114233311223311	0.201174491534179	9	7	0.0137485207336778	434	13154000	52
20220608 051115	0	0	0	1	auto	depthwise	256	0	1	0.0100032704218837	0.390444903494154	10	8	0.0196524633200127	416	13154000	88
20220608 014111	0	0	0	1	auto	depthwise	256	0	1	0.0204710992893456	0.561342084871442	6	2	0.0135210200439979	459	13143000	74
20220607 203025	0	0	0	1	auto	depthwise	256	0	1	0.0485081201370766	0.990239655382593	5	2	0.0137506418648039	271	13136000	51
20220607 200651	0	0	0	1	auto	depthwise	256	0	1	0.0214381515922002	0.506751453916169	10	30	0.0132131165050239	138	13126000	49
20220606 233256	0	0	0	1	auto	depthwise	256	0	1	0.0885717297728233	0.848307070865458	9	4	0.0174793427722081	107	13119000	21
20220607 011120	0	0	0	1	auto	depthwise	256	0	1	0.0883309528647562	0.871607381535013	9	4	0.0174050363063555	100	13118000	23
20220608 021944	0	0	0	1	auto	depthwise	256	0	1	0.0101007026967458	0.337651275859502	6	20	0.0139475313799155	285	13105000	76
20220608 031831	0	0	0	1	auto	depthwise	256	0	1	0.0148612582253923	0.999346337104836	10	14	0.0128184221229354	133	13052000	78
20220608 054003	0	0	0	1	auto	depthwise	256	0	1	0.0119598430662995	0.32383080353857	6	8	0.0174977032415827	352	13042000	90
20220608 095714	0	0	0	1	auto	depthwise	256	0	1	0.0166824000111806	0.637978603699381	2	3	0.0175276663672446	361	13032000	110
20220608 103544	0	0	0	1	auto	depthwise	256	0	1	0.0100509174907337	0.642106140031165	6	21	0.0131956743930794	170	13026000	111
20220607 131245	0	0	0	1	auto	depthwise	256	0	1	0.0107661413364568	0.56430126389164	9	2	0.0175422595010677	1587	13021000	30
20220607 125444	0	0	0	1	auto	depthwise	256	0	1	0.01002210018119	0.281186354826175	5	2	0.0170081785139782	1089	13017000	29
20220606 233502	0	0	0	1	auto	depthwise	256	0	1	0.0793710886445244	0.566137569462015	7	2	0.0167443874683147	119	13009000	22
20220607 182515	0	0	0	1	auto	depthwise	256	0	1	0.057424821990166	0.750552846368719	10	2	0.0142452061854601	153	12994000	43
20220607 191134	0	0	0	1	auto	depthwise	256	0	1	0.01006113003289	0.676216535413287	8	28	0.0148030968327197	273	12983000	45
20220608 015409	0	0	0	1	auto	depthwise	256	0	1	0.0316476439338976	0.998631092327324	6	9	0.0126158422509375	47	12967000	75
20220606 214752	0	0	0	1	auto	depthwise	256	0	1	0.100424169608625	0.392881143158302	9	5	0.0149994600481781	36	12966000	5
20220607 182013	0	0	0	1	auto	depthwise	256	0	1	0.299958316790281	0.21526467533348	10	2	0.014218826793502	56	12964000	41
20220607 212309	0	0	0	1	auto	depthwise	256	0	1	0.010043394703089	0.494064483062646	4	2	0.0140285785144354	889	12957000	56
20220608 091803	0	0	0	1	auto	depthwise	256	0	1	0.0100352017920836	0.577070462739076	1	7	0.015252235699081	269	12948000	104
20220608 092033	0	0	0	1	auto	depthwise	256	0	1	0.129042241600205	0.99992582683906	10	2	0.0123770907168052	88	12916000	105
20220608 113523	0	0	0	1	auto	depthwise	256	0	1	0.010431250224229	0.870839873092785	6	30	0.0132237486959702	217	12914000	112
20220607 015554	0	0	0	1	auto	depthwise	256	0	1	0.0100519994742991	0.303585818744865	5	2	0.0171836834412807	724	12906000	28
20220607 011617	0	0	0	1	auto	depthwise	256	0	1	0.081121615992104	0.62604384256906	7	5	0.0156668216842082	122	12885000	24
20220608 044219	0	0	0	1	auto	depthwise	256	0	1	0.0505597036952812	0.201311322421087	1	3	0.0133672950403831	160	12863000	85
20220608 094723	0	0	0	1	auto	depthwise	256	0	1	0.0518244941983565	0.618791881118517	9	7	0.01282433971665	43	12851000	109
20220607 014736	0	0	0	1	auto	depthwise	256	0	1	0.0100178679226275	0.931430308462862	8	2	0.0120219922872325	1124	12818000	27
20220608 082823	0	0	0	1	auto	depthwise	256	0	1	0.0105600560395185	0.295859792089255	2	4	0.0220091272300505	1604	12806000	99
20220608 063358	0	0	0	1	auto	depthwise	256	0	1	0.200273194364759	0.546087014968635	10	2	0.0129821627326033	72	12781000	93
20220608 072255	0	0	0	1	auto	depthwise	256	0	1	0.0198995322867436	0.999996629120478	10	10	0.0188022212010122	360	12758000	95
20220607 172634	0	0	0	1	auto	depthwise	256	0	1	0.0102349407470866	0.923310011296323	9	30	0.0164145816836819	196	12754000	37
20220607 233349	0	0	0	1	auto	depthwise	256	0	1	0.055207201812023	0.999837174141398	10	4	0.0220593055856752	80	12752000	63
20220608 080643	0	0	0	1	auto	depthwise	256	0	1	0.0187685902474339	0.221520748730606	10	5	0.0239886762977288	626	12744000	98
20220608 011608	0	0	0	1	auto	depthwise	256	0	1	0.0182538158884386	0.795482690334537	6	2	0.0117230370766867	255	12739000	72
20220607 204637	0	0	0	1	auto	depthwise	256	0	1	0.0396504854867327	0.551126422464213	5	2	0.0194709869180568	499	12716000	53
20220608 035238	0	0	0	1	auto	depthwise	256	0	1	0.0100220840090205	0.435020168149288	10	16	0.0205527506562085	558	12714000	79
20220607 181929	0	0	0	1	auto	depthwise	256	0	1	0.070114472743206	0.55249828035451	9	30	0.0138396246936786	34	12705000	40
20220608 063233	0	0	0	1	auto	depthwise	256	0	1	0.0102427567674436	0.409433145233761	9	30	0.0205908315468714	452	12670000	92
20220607 150109	0	0	0	1	auto	depthwise	256	0	1	0.0103581800872617	0.999845739324978	6	21	0.0150130065716502	245	12654000	32
20220607 012137	0	0	0	1	auto	depthwise	256	0	1	0.0842267697400948	0.588145655367415	10	12	0.0186413909147721	37	12622000	25
20220608 001708	0	0	0	1	auto	depthwise	256	0	1	0.23543843473325	0.999256666160768	10	2	0.01773849212048	82	12603000	66
20220607 012612	0	0	0	1	auto	depthwise	256	0	1	0.100322626108245	0.811110589507427	8	2	0.020869134500269	267	12598000	26
20220606 230137	0	0	0	1	auto	depthwise	256	0	1	0.0548907381682657	0.813744428968057	8	9	0.0215804321798108	88	12592000	13
20220607 182205	0	0	0	1	auto	depthwise	256	0	1	0.299988530422092	0.999696253352628	10	2	0.0135231021289928	66	12586000	42
20220608 085515	0	0	0	1	auto	depthwise	256	0	1	0.0274005883485761	0.573214906684728	9	4	0.0113750572282138	49	12505000	103
20220607 182623	0	0	0	1	auto	depthwise	256	0	1	0.299777971483673	0.350465398248221	9	2	0.0179082872497588	76	12474000	44
20220607 163437	0	0	0	1	auto	depthwise	256	0	1	0.0151702441549845	0.537749224806982	9	25	0.00833713048428096	24	12234000	36
20220607 191416	0	0	0	1	auto	depthwise	256	0	1	0.299925480619852	0.489231621617806	10	18	0.0125217343244817	7	11911000	46
20220606 232811	0	0	0	1	auto	depthwise	256	0	1	0.0800268170300405	0.563395434748381	4	27	0.0170868711182266	25	11588000	20
20220606 231113	0	0	0	1	auto	depthwise	256	0	1	0.252489419917343	0.739324116054922	6	11	0.0132308332050646	18	11557000	16
20220608 001501	0	0	0	1	auto	depthwise	256	0	1	0.29858842037832	0.380234206426838	10	2	0.00833723853511077	88	11077000	65
20220606 212825	0	0	0	1	auto	depthwise	256	0	1	0.13904859486199	0.687655073739588	8	21	0.0246419444064183	19	10752000	1
20220606 213457	0	0	0	1	auto	depthwise	256	0	1	0.271179648532183	0.604492791946977	4	19	0.0115204268600792	2	10746000	3
20220606 230716	0	0	0	1	auto	depthwise	256	0	1	0.124623185479199	0.250277230488136	10	16	0.0296966270063422	20	10281000	15
20220606 231803	0	0	0	1	auto	depthwise	256	0	1	0.085071093515493	0.207578670736402	0	2	0.0334590953963925	167	10167000	18
20220606 214547	0	0	0	1	auto	depthwise	256	0	1	0.0433479659238365	0.947260099286214	5	7	0.0372107325412799	104	9738000	4
20220606 215728	0	0	0	1	auto	depthwise	256	0	1	0.218288212855696	0.483528142590076	7	24	0.0267142783966847	7	9443000	7
20220606 213116	0	0	0	1	auto	depthwise	256	0	1	0.187252094097552	0.659589686011895	6	6	0.0329436843036092	34	8858000	2
20220606 215408	0	0	0	1	auto	depthwise	256	0	1	0.159815830750274	0.856464212983847	3	12	0.0288472640323259	26	8584000	6
20220606 225211	0	0	0	1	auto	depthwise	256	0	1	0.236746393057168	0.296480232151225	2	14	0.0192297929320678	17	8557000	12
20220606 224942	0	0	0	1	auto	depthwise	256	0	1	0.0170110723358812	0.774566777395085	10	19	0.0440072559620603	199	8240000	11
20220606 231959	0	0	0	1	auto	depthwise	256	0	1	0.20761005247233	0.986981943920255	3	3	0.047475740510951	22	7798000	19
20220606 221432	0	0	0	1	auto	depthwise	256	0	1	0.0258543215444079	0.548843580745161	5	22	0.0418983561156589	94	7558000	8
20220606 231639	0	0	0	1	auto	depthwise	256	0	1	0.269864851814113	0.919830426638946	8	25	0.0491938218663563	10	6636000	17
20220606 230501	0	0	0	1	auto	depthwise	256	0	1	0.287629624349065	0.470431599412113	1	29	0.0391043330271107	1	5987000	14
20220606 221822	0	0	0	1	auto	depthwise	256	0	1	0.147881467933301	0.402121783718467	1	17	0.0411538595581078	9	5666000	9
20220606 222018	0	0	0	1	auto	depthwise	256	0	1	0.170687131206621	0.337189087513834	0	29	0.00979914255925299	1	3094000	10
