fecha	objective	metric	first_metric_only	boost_from_average	feature_pre_filter	verbosity	max_depth	min_gain_to_split	lambda_l1	lambda_l2	max_bin	num_iterations	force_row_wise	seed	learning_rate	feature_fraction	min_data_in_leaf	num_leaves	prob_corte	ganancia	iteracion
20220606 205840	binary	custom	TRUE	TRUE	FALSE	-100	-1	0	0	0	31	81	TRUE	999983	0.0912437721734428	0.518380134098527	5574	405	0.0150344780154499	13771000	129
20220606 183018	binary	custom	TRUE	TRUE	FALSE	-100	-1	0	0	0	31	904	TRUE	999983	0.0103596952020075	0.345915805512117	4123	1024	0.0170594071275582	13728000	27
20220606 183748	binary	custom	TRUE	TRUE	FALSE	-100	-1	0	0	0	31	561	TRUE	999983	0.0112051120893235	0.401694471131523	4382	969	0.018149287628997	13717000	32
20220606 191333	binary	custom	TRUE	TRUE	FALSE	-100	-1	0	0	0	31	442	TRUE	999983	0.0101453917110349	0.426765488252212	4188	1019	0.0160998359753382	13716000	70
20220606 185642	binary	custom	TRUE	TRUE	FALSE	-100	-1	0	0	0	31	525	TRUE	999983	0.0106215727019207	0.570191511221625	6377	250	0.0159637608181068	13711000	52
20220606 193827	binary	custom	TRUE	TRUE	FALSE	-100	-1	0	0	0	31	80	TRUE	999983	0.0748104770752981	0.520083396634053	5814	483	0.0149557891198866	13711000	106
20220606 210120	binary	custom	TRUE	TRUE	FALSE	-100	-1	0	0	0	31	559	TRUE	999983	0.0103073119796621	0.513813851185439	5639	548	0.0152840136281891	13669000	131
20220606 182241	binary	custom	TRUE	TRUE	FALSE	-100	-1	0	0	0	31	482	TRUE	999983	0.0104544244450636	0.522918201433518	4859	1024	0.0169771586344837	13656000	23
20220606 184629	binary	custom	TRUE	TRUE	FALSE	-100	-1	0	0	0	31	985	TRUE	999983	0.0100571267439487	0.508087908028897	3830	834	0.0192901561723817	13616000	38
20220606 205202	binary	custom	TRUE	TRUE	FALSE	-100	-1	0	0	0	31	508	TRUE	999983	0.0100838949329308	0.713482825053097	3119	698	0.0168125832541599	13600000	120
20220606 185830	binary	custom	TRUE	TRUE	FALSE	-100	-1	0	0	0	31	486	TRUE	999983	0.0100009975611563	0.527658263581287	4032	946	0.0185071428680842	13588000	53
20220606 184013	binary	custom	TRUE	TRUE	FALSE	-100	-1	0	0	0	31	1133	TRUE	999983	0.0100130333303244	0.218200495612229	5527	785	0.0162226203971225	13572000	34
20220606 193440	binary	custom	TRUE	TRUE	FALSE	-100	-1	0	0	0	31	604	TRUE	999983	0.0100014242242718	0.711613447340163	3162	217	0.0159022246752342	13572000	98
20220606 182815	binary	custom	TRUE	TRUE	FALSE	-100	-1	0	0	0	31	632	TRUE	999983	0.0105107456885191	0.487496930345799	2776	1024	0.0189246317216435	13556000	26
20220606 192841	binary	custom	TRUE	TRUE	FALSE	-100	-1	0	0	0	31	516	TRUE	999983	0.0101312832143391	0.87636254380459	1402	291	0.0167053430915118	13547000	94
20220606 190045	binary	custom	TRUE	TRUE	FALSE	-100	-1	0	0	0	31	635	TRUE	999983	0.0101058786562201	0.638376751462475	5641	20	0.0157078036744375	13539000	57
20220606 182619	binary	custom	TRUE	TRUE	FALSE	-100	-1	0	0	0	31	1114	TRUE	999983	0.0109849716226027	0.219129525746798	5563	1023	0.0189988601191148	13530000	25
20220606 193748	binary	custom	TRUE	TRUE	FALSE	-100	-1	0	0	0	31	406	TRUE	999983	0.0133379254454613	0.981111497110069	2983	668	0.0170000016773557	13520000	103
20220606 191203	binary	custom	TRUE	TRUE	FALSE	-100	-1	0	0	0	31	912	TRUE	999983	0.0100682622283922	0.256423889418909	3872	1019	0.0189979712608529	13508000	69
20220606 205040	binary	custom	TRUE	TRUE	FALSE	-100	-1	0	0	0	31	1111	TRUE	999983	0.0100039235482592	0.200247705964636	4422	857	0.0161012561838403	13498000	119
20220606 190653	binary	custom	TRUE	TRUE	FALSE	-100	-1	0	0	0	31	1058	TRUE	999983	0.0101158454941264	0.643812481111006	6470	709	0.0160310587698425	13488000	61
20220606 204837	binary	custom	TRUE	TRUE	FALSE	-100	-1	0	0	0	31	190	TRUE	999983	0.0187366365604685	0.825465943622874	1305	618	0.0167451745607626	13487000	118
20220606 191525	binary	custom	TRUE	TRUE	FALSE	-100	-1	0	0	0	31	671	TRUE	999983	0.010011935253754	0.420293222915238	3492	792	0.0180861110698685	13476000	71
20220606 191007	binary	custom	TRUE	TRUE	FALSE	-100	-1	0	0	0	31	676	TRUE	999983	0.0105813202237979	0.201999165068894	5858	246	0.0158791227923886	13470000	68
20220606 193316	binary	custom	TRUE	TRUE	FALSE	-100	-1	0	0	0	31	620	TRUE	999983	0.0136391534088135	0.661684064963764	1001	23	0.0171154332986601	13470000	97
20220606 205554	binary	custom	TRUE	TRUE	FALSE	-100	-1	0	0	0	31	620	TRUE	999983	0.0136391534088135	0.661684064963764	1001	23	0.0171154332986601	13470000	123
20220606 182046	binary	custom	TRUE	TRUE	FALSE	-100	-1	0	0	0	31	191	TRUE	999983	0.0356084957537036	0.254196305308463	3243	896	0.0170567090643636	13442000	21
20220606 185918	binary	custom	TRUE	TRUE	FALSE	-100	-1	0	0	0	31	208	TRUE	999983	0.0288812188084852	0.374579254813144	6263	137	0.0161065571487758	13415000	55
20220606 185318	binary	custom	TRUE	TRUE	FALSE	-100	-1	0	0	0	31	837	TRUE	999983	0.0100175460004757	0.242164865780766	5460	890	0.0171991134036076	13406000	46
20220606 184824	binary	custom	TRUE	TRUE	FALSE	-100	-1	0	0	0	31	271	TRUE	999983	0.0335608706223947	0.200173007877175	6821	16	0.0144764312635429	13403000	42
20220606 184215	binary	custom	TRUE	TRUE	FALSE	-100	-1	0	0	0	31	913	TRUE	999983	0.0101335625911417	0.237088353715264	4564	27	0.0169629900140961	13390000	36
20220606 190221	binary	custom	TRUE	TRUE	FALSE	-100	-1	0	0	0	31	586	TRUE	999983	0.010010521258948	0.407099366839115	7075	97	0.0154344756668425	13385000	58
20220606 183455	binary	custom	TRUE	TRUE	FALSE	-100	-1	0	0	0	31	652	TRUE	999983	0.0116076292371744	0.201969162730464	7930	94	0.0180885070743413	13384000	30
20220606 204329	binary	custom	TRUE	TRUE	FALSE	-100	-1	0	0	0	31	105	TRUE	999983	0.0374534724646156	0.86611536113422	2752	193	0.0165210174171211	13376000	112
20220606 192620	binary	custom	TRUE	TRUE	FALSE	-100	-1	0	0	0	31	307	TRUE	999983	0.0118011668076405	0.783326745925956	952	335	0.0181740186817366	13364000	92
20220606 205608	binary	custom	TRUE	TRUE	FALSE	-100	-1	0	0	0	31	76	TRUE	999983	0.130684681614365	0.212663240853759	7215	936	0.0148285517845488	13356000	124
20220606 191835	binary	custom	TRUE	TRUE	FALSE	-100	-1	0	0	0	31	545	TRUE	999983	0.0136300293119491	0.974710821392109	3096	836	0.019580823021645	13352000	73
20220606 184354	binary	custom	TRUE	TRUE	FALSE	-100	-1	0	0	0	31	640	TRUE	999983	0.010018187810196	0.25687430089995	3030	952	0.0164505755996287	13346000	37
20220606 184657	binary	custom	TRUE	TRUE	FALSE	-100	-1	0	0	0	31	93	TRUE	999983	0.0693112982767977	0.20112864622504	5919	173	0.0173256036637779	13340000	39
20220606 185411	binary	custom	TRUE	TRUE	FALSE	-100	-1	0	0	0	31	109	TRUE	999983	0.0879989560404728	0.211648867364351	8000	47	0.0159409827787264	13317000	48
20220606 204746	binary	custom	TRUE	TRUE	FALSE	-100	-1	0	0	0	31	130	TRUE	999983	0.028346073948241	0.883495635382276	646	253	0.0157903706058749	13316000	117
20220606 183156	binary	custom	TRUE	TRUE	FALSE	-100	-1	0	0	0	31	701	TRUE	999983	0.0100626353725206	0.332825796039974	7930	1024	0.0145704374657545	13314000	28
20220606 190841	binary	custom	TRUE	TRUE	FALSE	-100	-1	0	0	0	31	47	TRUE	999983	0.118415143818745	0.686698154428839	6658	16	0.0166830602478043	13292000	67
20220606 182012	binary	custom	TRUE	TRUE	FALSE	-100	-1	0	0	0	31	91	TRUE	999983	0.0764065387082519	0.212725533638149	5452	882	0.0140717228365247	13287000	20
20220606 185354	binary	custom	TRUE	TRUE	FALSE	-100	-1	0	0	0	31	174	TRUE	999983	0.0302222267292897	0.357299404153854	4534	762	0.0144641414709108	13270000	47
20220606 193646	binary	custom	TRUE	TRUE	FALSE	-100	-1	0	0	0	31	324	TRUE	999983	0.0151538056432105	0.982632260201322	7997	526	0.0147081943190801	13253000	102
20220606 182417	binary	custom	TRUE	TRUE	FALSE	-100	-1	0	0	0	31	815	TRUE	999983	0.0102870948078378	0.904087011634993	4363	934	0.015168663040661	13216000	24
20220606 204029	binary	custom	TRUE	TRUE	FALSE	-100	-1	0	0	0	31	169	TRUE	999983	0.0121005741192425	0.998759234432655	758	511	0.0172367813765094	13210000	109
20220606 184749	binary	custom	TRUE	TRUE	FALSE	-100	-1	0	0	0	31	241	TRUE	999983	0.0215135446934893	0.206506477682986	4571	520	0.0176118092357708	13200000	41
20220606 193028	binary	custom	TRUE	TRUE	FALSE	-100	-1	0	0	0	31	479	TRUE	999983	0.0107396263826622	0.231802301853613	947	223	0.0179907001442129	13198000	95
20220606 190349	binary	custom	TRUE	TRUE	FALSE	-100	-1	0	0	0	31	654	TRUE	999983	0.010040258140587	0.622617580182245	5052	263	0.0187481994909512	13186000	59
20220606 184025	binary	custom	TRUE	TRUE	FALSE	-100	-1	0	0	0	31	39	TRUE	999983	0.150056860245835	0.219648855956058	7759	17	0.01982584860252	13183000	35
20220606 183813	binary	custom	TRUE	TRUE	FALSE	-100	-1	0	0	0	31	111	TRUE	999983	0.0498604524423728	0.384344193425449	4311	1024	0.0178737227529681	13182000	33
20220606 204216	binary	custom	TRUE	TRUE	FALSE	-100	-1	0	0	0	31	565	TRUE	999983	0.010311096130806	0.219370287448158	984	214	0.0181109497658994	13176000	110
20220606 190751	binary	custom	TRUE	TRUE	FALSE	-100	-1	0	0	0	31	47	TRUE	999983	0.139432149126474	0.220711956422649	6044	16	0.0155005592809619	13169000	63
20220606 184852	binary	custom	TRUE	TRUE	FALSE	-100	-1	0	0	0	31	187	TRUE	999983	0.0352406365184882	0.201164965092411	6276	16	0.0201032603114187	13157000	43
20220606 191715	binary	custom	TRUE	TRUE	FALSE	-100	-1	0	0	0	31	752	TRUE	999983	0.0103130687298997	0.415338679657482	6996	793	0.0194208720787259	13135000	72
20220606 192137	binary	custom	TRUE	TRUE	FALSE	-100	-1	0	0	0	31	185	TRUE	999983	0.0208347491086891	0.579304896846335	2268	772	0.0190295497168991	13127000	84
20220606 190512	binary	custom	TRUE	TRUE	FALSE	-100	-1	0	0	0	31	829	TRUE	999983	0.0100738418993631	0.841124215818502	6050	269	0.0142105269571539	13120000	60
20220606 210141	binary	custom	TRUE	TRUE	FALSE	-100	-1	0	0	0	31	78	TRUE	999983	0.0878624682182088	0.719076247941323	3485	340	0.0153610305595123	13093000	132
20220606 192151	binary	custom	TRUE	TRUE	FALSE	-100	-1	0	0	0	31	85	TRUE	999983	0.0787442890065482	0.998544884986302	6413	152	0.0156859881065191	13090000	85
20220606 192700	binary	custom	TRUE	TRUE	FALSE	-100	-1	0	0	0	31	170	TRUE	999983	0.0294288751870389	0.200390539227477	927	454	0.0195982671534994	13088000	93
20220606 204657	binary	custom	TRUE	TRUE	FALSE	-100	-1	0	0	0	31	533	TRUE	999983	0.0100703640314546	0.939032560696244	7294	1023	0.0155482898989574	13077000	116
20220606 191854	binary	custom	TRUE	TRUE	FALSE	-100	-1	0	0	0	31	31	TRUE	999983	0.13807155338008	0.998971392176637	5551	712	0.0160883108984353	13056000	75
20220606 190739	binary	custom	TRUE	TRUE	FALSE	-100	-1	0	0	0	31	132	TRUE	999983	0.0279748250116711	0.200133212699236	748	792	0.0195484232131882	13033000	62
20220606 205418	binary	custom	TRUE	TRUE	FALSE	-100	-1	0	0	0	31	1059	TRUE	999983	0.0102881567132717	0.383281277041655	5336	1013	0.0113592547824426	13018000	121
20220606 205809	binary	custom	TRUE	TRUE	FALSE	-100	-1	0	0	0	31	232	TRUE	999983	0.0231655968266852	0.640026522036878	3649	22	0.0117626396983414	13006000	127
20220606 183337	binary	custom	TRUE	TRUE	FALSE	-100	-1	0	0	0	31	627	TRUE	999983	0.0102631838590181	0.343398988202431	3657	1024	0.0115811281979494	13004000	29
20220606 205453	binary	custom	TRUE	TRUE	FALSE	-100	-1	0	0	0	31	229	TRUE	999983	0.0286416421369285	0.595667599579049	7996	346	0.0146563357208424	12989000	122
20220606 185841	binary	custom	TRUE	TRUE	FALSE	-100	-1	0	0	0	31	43	TRUE	999983	0.20888239035841	0.200034023496443	5187	764	0.0200735633615962	12951000	54
20220606 181600	binary	custom	TRUE	TRUE	FALSE	-100	-1	0	0	0	31	20	TRUE	999983	0.189177082767128	0.991002450613305	3622	964	0.0199677066343914	12945000	9
20220606 192012	binary	custom	TRUE	TRUE	FALSE	-100	-1	0	0	0	31	29	TRUE	999983	0.181121198016405	0.336384876940233	4822	1023	0.0168738893967808	12939000	79
20220606 191950	binary	custom	TRUE	TRUE	FALSE	-100	-1	0	0	0	31	162	TRUE	999983	0.0345977350880232	0.380586981934419	1799	16	0.0161927245800308	12909000	77
20220606 192000	binary	custom	TRUE	TRUE	FALSE	-100	-1	0	0	0	31	28	TRUE	999983	0.299995649899922	0.999959836603363	7935	19	0.0147985537968384	12907000	78
20220606 181332	binary	custom	TRUE	TRUE	FALSE	-100	-1	0	0	0	31	46	TRUE	999983	0.160116781095509	0.592244770135731	6538	810	0.0182893792817291	12878000	1
20220606 192201	binary	custom	TRUE	TRUE	FALSE	-100	-1	0	0	0	31	19	TRUE	999983	0.299841410904433	0.466750526544613	7999	97	0.0205014429966994	12877000	86
20220606 190819	binary	custom	TRUE	TRUE	FALSE	-100	-1	0	0	0	31	58	TRUE	999983	0.100279841131944	0.210093408957759	3464	776	0.0197020623265616	12840000	65
20220606 183608	binary	custom	TRUE	TRUE	FALSE	-100	-1	0	0	0	31	673	TRUE	999983	0.0104544509662501	0.999893476531575	7546	17	0.018099863766419	12830000	31
20220606 192244	binary	custom	TRUE	TRUE	FALSE	-100	-1	0	0	0	31	33	TRUE	999983	0.186315613443677	0.999999592299963	4857	952	0.0157818471973861	12808000	89
20220606 204415	binary	custom	TRUE	TRUE	FALSE	-100	-1	0	0	0	31	351	TRUE	999983	0.017336811315916	0.997702008649266	4496	833	0.0196548160505717	12787000	113
20220606 191844	binary	custom	TRUE	TRUE	FALSE	-100	-1	0	0	0	31	47	TRUE	999983	0.195184967099947	0.797938354090737	7469	16	0.0154922932046673	12777000	74
20220606 184904	binary	custom	TRUE	TRUE	FALSE	-100	-1	0	0	0	31	62	TRUE	999983	0.230904142863295	0.248961208003223	7994	108	0.0167556255502054	12769000	44
20220606 192030	binary	custom	TRUE	TRUE	FALSE	-100	-1	0	0	0	31	39	TRUE	999983	0.299925450492427	0.202672407764583	5089	16	0.0192950037433601	12761000	81
20220606 190830	binary	custom	TRUE	TRUE	FALSE	-100	-1	0	0	0	31	50	TRUE	999983	0.203682314040457	0.74229514835384	6160	1024	0.0138550352417416	12737000	66
20220606 185134	binary	custom	TRUE	TRUE	FALSE	-100	-1	0	0	0	31	978	TRUE	999983	0.0100819574851244	0.460571367262682	3946	1023	0.0217730135958749	12716000	45
20220606 184708	binary	custom	TRUE	TRUE	FALSE	-100	-1	0	0	0	31	60	TRUE	999983	0.178404597891294	0.993128100266475	4303	47	0.0197181603635921	12697000	40
20220606 181357	binary	custom	TRUE	TRUE	FALSE	-100	-1	0	0	0	31	47	TRUE	999983	0.152214441090706	0.690020819446072	4472	851	0.0227033067625598	12696000	3
20220606 204554	binary	custom	TRUE	TRUE	FALSE	-100	-1	0	0	0	31	672	TRUE	999983	0.0102125233072646	0.254821476128109	3974	17	0.0101139018471892	12682000	115
20220606 205820	binary	custom	TRUE	TRUE	FALSE	-100	-1	0	0	0	31	38	TRUE	999983	0.299973201276523	0.413742156223436	7996	1007	0.0144985478316287	12676000	128
20220606 192020	binary	custom	TRUE	TRUE	FALSE	-100	-1	0	0	0	31	20	TRUE	999983	0.210639426484005	0.999502448418473	5363	1024	0.0209682380133769	12653000	80
20220606 193605	binary	custom	TRUE	TRUE	FALSE	-100	-1	0	0	0	31	265	TRUE	999983	0.0292825643879963	0.997982439171659	3687	826	0.0112674547387345	12632000	101
20220606 182100	binary	custom	TRUE	TRUE	FALSE	-100	-1	0	0	0	31	65	TRUE	999983	0.155779452720424	0.204038701135294	3342	781	0.0159564809371195	12629000	22
20220606 185507	binary	custom	TRUE	TRUE	FALSE	-100	-1	0	0	0	31	172	TRUE	999983	0.0709402398492206	0.200173069247904	8000	775	0.0122507994622956	12615000	51
20220606 193529	binary	custom	TRUE	TRUE	FALSE	-100	-1	0	0	0	31	288	TRUE	999983	0.0210020213270268	0.961645034869529	4512	825	0.0196885839494961	12573000	100
20220606 193448	binary	custom	TRUE	TRUE	FALSE	-100	-1	0	0	0	31	22	TRUE	999983	0.287812660687012	0.203640452761487	7990	457	0.0141919439773479	12546000	99
20220606 181537	binary	custom	TRUE	TRUE	FALSE	-100	-1	0	0	0	31	256	TRUE	999983	0.025477781765745	0.250008138045669	2583	335	0.0234121490396016	12532000	7
20220606 185430	binary	custom	TRUE	TRUE	FALSE	-100	-1	0	0	0	31	91	TRUE	999983	0.0960725334291832	0.20127782436287	2152	77	0.0190706460983923	12530000	49
20220606 193213	binary	custom	TRUE	TRUE	FALSE	-100	-1	0	0	0	31	741	TRUE	999983	0.0108583942849943	0.331438133456955	4819	971	0.0101335842876222	12484000	96
20220606 185927	binary	custom	TRUE	TRUE	FALSE	-100	-1	0	0	0	31	22	TRUE	999983	0.273649545677299	0.871933757356974	5148	754	0.0190247051804091	12439000	56
20220606 190804	binary	custom	TRUE	TRUE	FALSE	-100	-1	0	0	0	31	83	TRUE	999983	0.199776254455762	0.200520572504079	5887	16	0.0231182061663876	12437000	64
20220606 203905	binary	custom	TRUE	TRUE	FALSE	-100	-1	0	0	0	31	19	TRUE	999983	0.0286370459161147	0.99973413646434	659	16	0.00864086803569251	12339000	108
20220606 204305	binary	custom	TRUE	TRUE	FALSE	-100	-1	0	0	0	31	327	TRUE	999983	0.0159271395346713	0.998906690362843	3605	817	0.00985451257834734	12318000	111
20220606 185439	binary	custom	TRUE	TRUE	FALSE	-100	-1	0	0	0	31	58	TRUE	999983	0.185836312103016	0.920851030933973	7997	332	0.0213394132940969	12313000	50
20220606 193807	binary	custom	TRUE	TRUE	FALSE	-100	-1	0	0	0	31	16	TRUE	999983	0.293225576184183	0.554476726077044	7990	1013	0.0236212919648436	12313000	105
20220606 181942	binary	custom	TRUE	TRUE	FALSE	-100	-1	0	0	0	31	22	TRUE	999983	0.263780971162254	0.908106836648658	7973	107	0.0262516556351329	12203000	18
20220606 181736	binary	custom	TRUE	TRUE	FALSE	-100	-1	0	0	0	31	37	TRUE	999983	0.0451298989618663	0.864717809353024	241	481	0.0155302374759534	12200000	13
20220606 181750	binary	custom	TRUE	TRUE	FALSE	-100	-1	0	0	0	31	65	TRUE	999983	0.114019833167433	0.610436954330653	6177	434	0.0112126915186915	12181000	14
20220606 205726	binary	custom	TRUE	TRUE	FALSE	-100	-1	0	0	0	31	506	TRUE	999983	0.0124799383615746	0.998497717271175	3542	265	0.0246174455469954	12156000	125
20220606 205734	binary	custom	TRUE	TRUE	FALSE	-100	-1	0	0	0	31	13	TRUE	999983	0.299018837570697	0.666334512962162	7921	1023	0.0237932928747305	12137000	126
20220606 192216	binary	custom	TRUE	TRUE	FALSE	-100	-1	0	0	0	31	92	TRUE	999983	0.151703073690639	0.200144100233442	6050	995	0.0257033054281734	12124000	87
20220606 192255	binary	custom	TRUE	TRUE	FALSE	-100	-1	0	0	0	31	40	TRUE	999983	0.299813469632023	0.216827435259417	3697	994	0.0230929114348295	11932000	90
20220606 192048	binary	custom	TRUE	TRUE	FALSE	-100	-1	0	0	0	31	12	TRUE	999983	0.256174464424913	0.995684810130144	4704	17	0.0159465252266798	11899000	83
20220606 203845	binary	custom	TRUE	TRUE	FALSE	-100	-1	0	0	0	31	207	TRUE	999983	0.171929646849753	0.2737690954935	4890	1024	0.00833370623537349	11789000	107
20220606 192234	binary	custom	TRUE	TRUE	FALSE	-100	-1	0	0	0	31	73	TRUE	999983	0.0745853691348181	0.200700119933126	2833	1021	0.00848150866703728	11759000	88
20220606 193757	binary	custom	TRUE	TRUE	FALSE	-100	-1	0	0	0	31	19	TRUE	999983	0.249230799713096	0.999167990040471	3725	21	0.0243235558280315	11677000	104
20220606 181406	binary	custom	TRUE	TRUE	FALSE	-100	-1	0	0	0	31	25	TRUE	999983	0.241198072879226	0.644897477356717	5186	384	0.0272057559952373	11630000	4
20220606 181345	binary	custom	TRUE	TRUE	FALSE	-100	-1	0	0	0	31	30	TRUE	999983	0.13443714540964	0.439241552650929	3227	169	0.0294978840873227	11327000	2
20220606 181935	binary	custom	TRUE	TRUE	FALSE	-100	-1	0	0	0	31	65	TRUE	999983	0.256160258297692	0.482044891798869	2154	26	0.00833786686125677	11305000	17
20220606 205939	binary	custom	TRUE	TRUE	FALSE	-100	-1	0	0	0	31	471	TRUE	999983	0.0108338527913085	0.7366094913631	8000	951	0.029649214744962	11282000	130
20220606 192041	binary	custom	TRUE	TRUE	FALSE	-100	-1	0	0	0	31	40	TRUE	999983	0.29988910549031	0.200225211345849	7956	646	0.00852197875802868	10983000	82
20220606 181639	binary	custom	TRUE	TRUE	FALSE	-100	-1	0	0	0	31	33	TRUE	999983	0.206803686204366	0.358612613491714	2936	288	0.0324506489123451	10549000	12
20220606 181451	binary	custom	TRUE	TRUE	FALSE	-100	-1	0	0	0	31	52	TRUE	999983	0.083821402276284	0.363861824413762	1695	644	0.03719357787971	9675000	6
20220606 181759	binary	custom	TRUE	TRUE	FALSE	-100	-1	0	0	0	31	17	TRUE	999983	0.27304771790118	0.303649652982131	4108	995	0.0393940048699733	9606000	15
20220606 181921	binary	custom	TRUE	TRUE	FALSE	-100	-1	0	0	0	31	462	TRUE	999983	0.0121614749438595	0.550551710370928	7436	235	0.0413921639522111	9086000	16
20220606 181430	binary	custom	TRUE	TRUE	FALSE	-100	-1	0	0	0	31	32	TRUE	999983	0.0659431583491387	0.728873498579487	404	153	0.03483299924798	8797000	5
20220606 181611	binary	custom	TRUE	TRUE	FALSE	-100	-1	0	0	0	31	46	TRUE	999983	0.102102114292909	0.821175916176289	5870	701	0.0436884475221935	8602000	10
20220606 181955	binary	custom	TRUE	TRUE	FALSE	-100	-1	0	0	0	31	31	TRUE	999983	0.170328420135775	0.921571642216295	1415	554	0.0447791953362563	8481000	19
20220606 181627	binary	custom	TRUE	TRUE	FALSE	-100	-1	0	0	0	31	70	TRUE	999983	0.289131902045803	0.792491192212328	7068	592	0.0497564486931272	8018000	11
20220606 181551	binary	custom	TRUE	TRUE	FALSE	-100	-1	0	0	0	31	17	TRUE	999983	0.220076859897235	0.44465783235617	803	744	0.0475736915172699	7214000	8
20220606 204424	binary	custom	TRUE	TRUE	FALSE	-100	-1	0	0	0	31	19	TRUE	999983	0.298995664753319	0.991125673799553	3697	38	0.0499437618641602	6803000	114
20220606 191920	binary	custom	TRUE	TRUE	FALSE	-100	-1	0	0	0	31	10	TRUE	999983	0.156318170793693	0.892987913058594	55	792	0.0200809902125056	4861000	76
20220606 192454	binary	custom	TRUE	TRUE	FALSE	-100	-1	0	0	0	31	30	TRUE	999983	0.0130094645251676	0.20260926233122	0	1023	0.0130332697310232	886000	91
