Feature	Gain	Cover	Frequency
ctrx_quarter	0.212269382305819	0.0180106798969458	0.0137647275566512
mcuentas_saldo	0.0464128530370889	0.012758175260197	0.0192214901699317
mtarjeta_visa_consumo	0.0308016189246182	0.011349922893637	0.0151069858843552
Visa_status	0.0256962532341676	0.00107501884527999	0.000657969768482371
mcaja_ahorro	0.0228694747360059	0.00827478337400311	0.0130190284857045
mdescubierto_preacordado	0.0218943428631147	0.00190149351597703	0.00163176502583628
foto_mes	0.0194503374324122	0.0149704119556959	0.016484335933045
cpayroll_trx	0.0171611018799958	0.0085827798143553	0.00490406800775527
mpayroll	0.0168300787104999	0.0128542565723543	0.00606209480028424
ctrx_quarter_lag1	0.0165082216922869	0.0072557061556598	0.00794827480326704
mprestamos_personales	0.0159001739800031	0.00694735765386578	0.00325475712142613
mcuenta_corriente	0.0113471241790898	0.00665658482967015	0.0100274592716713
mdescubierto_preacordado_delta1	0.0111876458766118	0.00393320472182531	0.00105275162957179
mpasivos_margen	0.010714132636897	0.00868966476261912	0.0104661057839929
Master_status	0.0106844548762184	0.00173390022222702	0.000842201303657435
cproductos_delta1	0.00874385440412357	0.00459450594567038	0.00172826725854703
mactivos_margen	0.00849571753408491	0.00809074839654907	0.0128435698807759
numero_de_cliente	0.00848044830612128	0.0102827554482274	0.0166510216077272
cliente_edad_lag1	0.00835188770695626	0.00943042751234408	0.0149929377911516
ctrx_quarter_delta1	0.00812281433139157	0.0072388397422085	0.0118785475536684
mrentabilidad_annual	0.00788274787941023	0.00738384171057842	0.0111767131339539
mrentabilidad_annual_delta1	0.00771427827067562	0.00659587847930112	0.0125365173221508
cliente_edad	0.00749607500074229	0.00770002166107132	0.0129400721134866
Master_fechaalta	0.00731905530057408	0.00834104858116577	0.0113170800178968
mprestamos_personales_delta1	0.00642102560021682	0.00932710208328301	0.00329862177265829
Visa_fechaalta_lag1	0.00634969437154665	0.00451364653328528	0.00956249396861046
Visa_Fvencimiento	0.00623468576569398	0.00821010727765101	0.0121329625308149
Visa_Fvencimiento_lag1	0.00616027440473229	0.00562465667808252	0.0113609446691289
Master_Fvencimiento_lag1	0.00600598324301433	0.0048357750022984	0.0111854860642003
Master_Fvencimiento	0.00600587776305643	0.00607200836812109	0.0107205207611394
mcuenta_corriente_lag1	0.0058344771021982	0.0081002461517452	0.0102116908068464
mcuentas_saldo_delta1	0.00576573680646765	0.00815662539995537	0.0105801538771965
mrentabilidad_annual_lag1	0.00573193601045943	0.00666250971372567	0.00941335415442112
ctarjeta_visa_trx	0.00572742030438707	0.00650888945314673	0.0112732153666646
Master_fechaalta_lag1	0.00564427144577523	0.00578607554466263	0.0109310710870538
chomebanking_trx	0.00564355882749657	0.00472380841391635	0.00934317071244966
mcaja_ahorro_dolares_delta1	0.00552090110094458	0.00571322353496205	0.00616736996324142
mrentabilidad	0.00528854980010548	0.00452584130319284	0.00877293024643161
Visa_fechaalta	0.00512678737500911	0.00478184476039077	0.00969408792230693
mcaja_ahorro_lag1	0.00504958546186332	0.00634626476845482	0.0091852579680139
mactivos_margen_lag1	0.00488888834717938	0.00684973802965002	0.00794827480326704
mcaja_ahorro_delta1	0.00465447504084996	0.00750283801750584	0.00825532736189215
ccaja_ahorro	0.00460713855540705	0.00384672329951524	0.00291261284181529
mcuenta_corriente_delta1	0.00452066165521337	0.00661553613838159	0.00787809136129559
cliente_antiguedad_lag1	0.00450727100711946	0.00537609500785687	0.0090185722933317
Visa_mpagominimo	0.0044877325030007	0.00691882479287549	0.00908875573530315
mtransferencias_recibidas	0.00444161728379945	0.00455283485456605	0.00721134866256678
mrentabilidad_delta1	0.00443293021059467	0.00425930662011469	0.00789563722178845
Visa_mfinanciacion_limite	0.00435142467535103	0.00458905919911357	0.00636037442866292
mcomisiones_mantenimiento	0.00434920955695783	0.00695506011056733	0.00458824251888373
mactivos_margen_delta1	0.00413348963853634	0.00382683374643363	0.00738680726749542
Visa_mpagospesos_lag1	0.00407629402638305	0.00510054155116933	0.00778158912858484
Master_mfinanciacion_limite	0.00402454495372835	0.00503104456116356	0.00719380280207392
cliente_antiguedad	0.00393965121552899	0.00370353957348713	0.00829041908287787
mcuentas_saldo_lag1	0.00392197671872662	0.00500811199401541	0.00760613052365621
Visa_msaldototal	0.00389684156824753	0.00332990838299191	0.00475492819356593
chomebanking_trx_delta1	0.00371880133439774	0.00739004951759296	0.00720257573232035
Visa_fultimo_cierre	0.00371204725167957	0.00391423591530877	0.00664110819654873
mrentabilidad_lag1	0.00367670978288232	0.00331345580287883	0.00706220884837745
Master_mfinanciacion_limite_lag1	0.00358799337564808	0.00599958745719563	0.00645687666137367
Visa_mpagospesos_delta1	0.00354792896612748	0.00481455148319569	0.00793950187302061
Visa_mpagominimo_lag1	0.00349370956085632	0.00531493768427649	0.00665865405704159
ccomisiones_mantenimiento_delta1	0.00341905020117362	0.00459374833830002	0.00147385228140051
mcaja_ahorro_dolares_lag1	0.00331409353764038	0.00378693385894752	0.00600068428855922
mtransferencias_recibidas_lag1	0.00328174563358819	0.00538090884186524	0.00679024801073807
cproductos	0.00326330276483162	0.00666658205477144	0.00698325247615956
chomebanking_trx_lag1	0.00318220802064806	0.00305478794346135	0.00688675024344881
Visa_cconsumos_lag1	0.00304029999179872	0.0041421275579705	0.00569363172993412
mpasivos_margen_lag1	0.00302344672957236	0.00419954887121556	0.00635160149841649
Visa_mpagospesos	0.00301400433689609	0.00505261323553334	0.00685165852246309
mcaja_ahorro_dolares	0.00299005042578366	0.00565421464561192	0.00579890689289129
mcomisiones	0.00298838780151803	0.00374331131306394	0.00521989349662681
Master_fultimo_cierre	0.00297386932360768	0.00301237466877695	0.00570240466018055
ccomisiones_mantenimiento	0.00297043341912242	0.00332548528500398	0.00130716660671831
Visa_mpagominimo_delta1	0.00294562202758776	0.00355436896130127	0.00532516865958399
mcomisiones_otras	0.00292494571595217	0.00251999287770495	0.0050795266126839
Visa_mconsumospesos	0.00292384180237833	0.00268192165018762	0.00631650977743076
Master_fultimo_cierre_lag1	0.00289130134007829	0.00427014095033127	0.0061059594515164
Visa_mfinanciacion_limite_lag1	0.00288838868908235	0.0027514911550283	0.00508829954293034
mprestamos_personales_lag1	0.00287692931304154	0.0027248635541817	0.00141244176967549
Visa_Finiciomora	0.00287218640352122	0.00549109379063168	0.00110538921105038
cprestamos_personales	0.00283683559545743	0.00300282964465141	0.00110538921105038
thomebanking	0.00282397280665843	0.00181990542542027	0.00170194846780773
Visa_mconsumospesos_lag1	0.00278584419461827	0.00269519117435723	0.00575504224165914
mpasivos_margen_delta1	0.00278490998890166	0.00342832866306732	0.00594804670708063
mtarjeta_visa_consumo_lag1	0.00277402579451585	0.00428115192515096	0.00343021572635476
Visa_fultimo_cierre_lag1	0.00268822506599118	0.00330550625859169	0.00604454893979138
Visa_msaldopesos	0.00264673762394053	0.00275837008875824	0.00483388456578382
mtarjeta_visa_debitos_automaticos_lag1	0.00248971081325636	0.00446944755201568	0.00450051321641942
ccomisiones_otras	0.00245613575157663	0.00483244016398093	0.00430750875099792
Visa_mconsumospesos_delta1	0.00238968078664394	0.0034860018982203	0.00532516865958399
mtransferencias_emitidas	0.00238889186275597	0.00751832342621245	0.00605332187003781
mpayroll_lag1	0.00237958267788016	0.00588362119607326	0.00465842596085519
cmobile_app_trx	0.0023378338552902	0.00288119034464617	0.00484265749603025
Visa_cconsumos	0.002319694748143	0.00256188535007773	0.00482511163553739
mcuenta_debitos_automaticos	0.00229292284538114	0.00664157326128684	0.00342144279610833
Visa_mlimitecompra_lag1	0.00229073269984513	0.00334663882153586	0.00417591479730145
Visa_msaldopesos_lag1	0.00224534214760498	0.00281462517929342	0.00345653451709405
Visa_mlimitecompra	0.00223738626184285	0.0024205893885506	0.00376358707571916
mcomisiones_mantenimiento_lag1	0.00223512342228578	0.00572164553833755	0.0040794125645907
Visa_msaldototal_lag1	0.00223042193815298	0.00196572684979222	0.00345653451709405
tcallcenter	0.00217327987410634	0.00087569098792439	0.00107029749006466
mtransferencias_recibidas_delta1	0.00212649522918106	0.00374719948944964	0.004939159728741
mcomisiones_otras_lag1	0.00212396354964259	0.00139709636207049	0.00394781861089423
ccomisiones_otras_lag1	0.00209134620430442	0.00363365883037093	0.00400045619237281
Visa_mconsumosdolares_lag1	0.00208240865869064	0.00311671507532083	0.00464088010036232
Master_mlimitecompra	0.00198650291262898	0.00223870399635594	0.0035530367498048
ctarjeta_visa	0.00197579667392598	0.000498737543696804	0.000745699070946687
ctarjeta_debito_trx	0.00197554022729229	0.00190950222316123	0.0026932895856545
mtransferencias_emitidas_delta1	0.00197518533315995	0.00343541785145084	0.00378990586645846
Visa_msaldopesos_delta1	0.00197042262073775	0.00301917625334967	0.00386886223867634
mtarjeta_visa_debitos_automaticos	0.00195317949416765	0.00244324118132741	0.0039127268899085
mtransferencias_emitidas_lag1	0.00194442673531873	0.00335595356310104	0.00456192372814444
Visa_Finiciomora_lag1	0.00187998085247835	0.00459573662601129	0.000921157675875319
cmobile_app_trx_lag1	0.00187817450174155	0.00288836133283288	0.00421100651828717
mcomisiones_delta1	0.00186866940786982	0.00312932582715431	0.00398291033187995
mtarjeta_visa_debitos_automaticos_delta1	0.00185121507292152	0.00463239820815591	0.00314070902822252
mcomisiones_lag1	0.00184673511569035	0.00120707258007684	0.00361444726152982
mpayroll_delta1	0.0018421104376837	0.00785721371849702	0.00447419442568012
Master_mlimitecompra_lag1	0.00181499305579089	0.0024410720285729	0.00312316316772965
cproductos_lag1	0.0018101699248262	0.00312046881150468	0.00384254344793705
ctransferencias_recibidas_lag1	0.00178973529747897	0.00238492605559882	0.00363199312202269
ccallcenter_trx_delta1	0.00177491856132784	0.00270208200205481	0.0011931185135147
ccaja_ahorro_delta1	0.00176118975911339	0.00533351882418358	0.000535148745032328
mpagomiscuentas	0.00173144527162421	0.00423559894995348	0.00292138577206173
Visa_msaldototal_delta1	0.00171049935768739	0.00238956669809145	0.00376358707571916
ctarjeta_visa_trx_lag1	0.00163155480760471	0.00602702369437048	0.00408818549483713
Visa_mconsumosdolares	0.00158860111178244	0.00216690088112973	0.00356180968005123
mcomisiones_otras_delta1	0.00157887053538652	0.00164845848615831	0.00322843833068683
ctransferencias_recibidas	0.00155396325867778	0.00277908232072343	0.00296525042329388
internet	0.00154151538354327	0.00376862735458975	0.00209673032889715
ccallcenter_trx	0.00152694946585411	0.00625911152881187	0.00244764753875442
mautoservicio	0.00149974978825943	0.00430631019895131	0.00372849535473343
Visa_cconsumos_delta1	0.00141398167472899	0.00305475962814487	0.00289506698132243
ccaja_seguridad_lag1	0.00141050841246001	0.000679798875772926	0.000359690140103696
Visa_mconsumosdolares_delta1	0.00140217603049827	0.00214844911689633	0.00287752112082957
mtarjeta_master_consumo	0.00139749061528217	0.00171394321883866	0.00142121469992192
ctarjeta_visa_debitos_automaticos_lag1	0.00138296905782306	0.00315592350124365	0.0023599182362901
mtarjeta_visa_consumo_delta1	0.00134934475926876	0.00337375384484944	0.00310561730723679
mpagomiscuentas_lag1	0.00134078090500474	0.00425053247856209	0.00284242939984384
mautoservicio_lag1	0.00132937677971372	0.00296492287919889	0.00347408037758692
Master_fultimo_cierre_delta1	0.00129949807916829	0.00165291741951968	0.00250028512023301
cmobile_app_trx_delta1	0.00128294451615406	0.00220019271040675	0.00266697079491521
ctarjeta_debito	0.00125506538347388	0.00184225495794874	0.0025266039109723
mcuenta_debitos_automaticos_lag1	0.00124346662465776	0.00218651978889631	0.0026932895856545
Master_mpagominimo_lag1	0.0012127183531979	0.00189280777346126	0.00209673032889715
Master_msaldopesos	0.00121178342278787	0.00356375721525993	0.00199145516593998
Master_mpagospesos_lag1	0.00118923643742557	0.00331959209261705	0.00268451665540807
ccomisiones_otras_delta1	0.00114455167174063	0.00164819543763551	0.00224587014308649
Visa_fultimo_cierre_delta1	0.00113007761536071	0.00213498169245243	0.00216691377086861
Master_status_lag1	0.00112973204355905	0.00192835700105908	0.00032459841911797
Master_mpagominimo	0.00111965574167841	0.00358531453280901	0.00222832428259363
mautoservicio_delta1	0.00109133195304477	0.00516803544355576	0.00282488353935098
Master_mpagospesos	0.00109009882586167	0.00382231165994092	0.00323721126093326
mcomisiones_mantenimiento_delta1	0.00108683548771956	0.00788777146992476	0.00170194846780773
ctarjeta_debito_lag1	0.00108008936980776	0.00171348863906939	0.00213182204988288
ccaja_seguridad	0.00105033503463	0.00305319069871163	0.000657969768482371
ctransferencias_emitidas	0.00104081742808123	0.00486417810393862	0.00260556028319019
ctransferencias_emitidas_lag1	0.00103011334047908	0.00425091699902526	0.00223709721284006
cplazo_fijo	0.00100731947865602	0.00244768699295675	0.000412327721582286
Master_msaldototal	0.000999923449014107	0.0023666255365925	0.00263187907392948
ctarjeta_debito_trx_lag1	0.000997225640046835	0.0037904281531665	0.00256169563195803
mdescubierto_preacordado_lag1	0.000984125759765993	0.000922951092785429	0.00105275162957179
ctarjeta_visa_trx_delta1	0.000950267976908483	0.00218531865163629	0.00199145516593998
Master_mpagospesos_delta1	0.000897579503720536	0.00498943340030903	0.00193881758446139
Visa_mpagado	0.000821328478889104	0.00283245346941721	0.00185108828199707
ctarjeta_debito_trx_delta1	0.000798697375474791	0.00264460597655865	0.00193881758446139
ctransferencias_emitidas_delta1	0.000779923634244876	0.00264103471685881	0.00156158158386483
mextraccion_autoservicio_lag1	0.000768506151436989	0.00121358134284005	0.00221077842210077
internet_lag1	0.000767061703387625	0.00300803881879673	0.0018598612122435
ctransferencias_recibidas_delta1	0.000759166502910416	0.00169683930971115	0.00175458604928632
Master_mconsumospesos	0.000758610693185432	0.0013218631800505	0.00200900102643284
Master_mconsumospesos_lag1	0.000741810861734259	0.00191513681767131	0.00197390930544711
mextraccion_autoservicio_delta1	0.000709540699299494	0.00273506228611521	0.00176335897953275
ccuenta_debitos_automaticos_lag1	0.000703320015745847	0.00304362111929808	0.00138612297893619
ccajas_consultas_delta1	0.000700420302697816	0.00359384672803945	0.00071060734996096
mextraccion_autoservicio	0.00068609792203876	0.00167530056209862	0.00174581311903989
Master_msaldototal_lag1	0.000671025312651203	0.00120592454362714	0.00164931088632914
Master_msaldopesos_lag1	0.000668145996509223	0.00128140987776088	0.00126330195548615
mcuenta_debitos_automaticos_delta1	0.000656725950826892	0.00343239363752669	0.00163176502583628
mprestamos_prendarios	0.000656395155245477	0.00619223305333118	0.000649196838235939
matm_lag1	0.000647964208652712	0.0021973316356773	0.00207918446840429
mtarjeta_master_consumo_lag1	0.000625052602878419	0.00194385161799869	0.000798336652425277
ctarjeta_visa_debitos_automaticos	0.000614301734192489	0.000969755697053897	0.00131593953696474
Master_msaldototal_delta1	0.000611591401734053	0.00274984502990838	0.00129839367647188
Master_mfinanciacion_limite_delta1	0.000600061336363135	0.00498886279680392	0.00098256818760034
ccajas_trx_delta1	0.00059639843433801	0.0016706979803024	0.00059655925675735
ccomisiones_mantenimiento_lag1	0.000588190615492191	0.00141630097608719	0.00105275162957179
mpagomiscuentas_delta1	0.000584592061761908	0.0014116399220114	0.00151771693263267
ccaja_ahorro_lag1	0.000569345598282354	0.00119168815499217	0.00107907042031109
cpagomiscuentas_lag1	0.000564494246679931	0.000937048744043148	0.00128084781597902
thomebanking_lag1	0.000560248223061026	0.000519700930217164	0.000921157675875319
ctarjeta_visa_debitos_automaticos_delta1	0.000548451872461426	0.00207181137240222	0.00086852009439673
ccuenta_debitos_automaticos	0.000530691015581604	0.00214269696394491	0.00113170800178968
cpayroll_trx_lag1	0.000521695560061135	0.000658630913009339	0.000535148745032328
Master_mpagominimo_delta1	0.000517113830528958	0.00186010227842074	0.00107907042031109
mplazo_fijo_dolares_delta1	0.000509200970757116	0.00405513484852291	0.00059655925675735
cextraccion_autoservicio_lag1	0.000499945071864711	0.00270500231641657	0.00122821023450043
Visa_mpagado_delta1	0.000499152020438589	0.00170405135126999	0.000903611815382456
Master_cconsumos_lag1	0.000498700005353537	0.00110780015477224	0.00111416214129681
Master_msaldopesos_delta1	0.000491085125737476	0.00202351979197424	0.00100888697833964
cpagomiscuentas	0.000482416073192892	0.00202816764758273	0.0013598041881969
tcuentas_lag1	0.000474427617835588	0.00425210064064258	0.000561467535771623
cextraccion_autoservicio	0.000467552950045756	0.00146545145444856	0.00101765990858607
cprestamos_personales_lag1	0.000467321896891857	0.0026760490228544	0.000807109582671708
Visa_mpagosdolares	0.00045636832866137	0.000995027615796567	0.00101765990858607
Master_mconsumospesos_delta1	0.00045015776423934	0.00188618475187354	0.0011667997227754
mplazo_fijo_dolares	0.000442374873626222	0.00272217843343789	0.000464965303060875
matm	0.00042779127315757	0.000949292010644524	0.00105275162957179
Master_cconsumos	0.000425245039075515	0.00155985894005162	0.0010001140480932
matm_delta1	0.000418579935442533	0.00135006055441836	0.00111416214129681
mttarjeta_master_debitos_automaticos	0.000415957931653044	0.00400000799673648	0.000850974233903866
ccallcenter_trx_lag1	0.000410664159279706	0.00300797535872428	0.000859747164150298
tpaquete7	0.000385102909392824	0.00173513366503783	0.000280733767885812
tcallcenter_lag1	0.000371984443760097	0.00125097582359648	0.000552694605525192
mcaja_ahorro_adicional_lag1	0.000366923590674063	0.00497035071864435	0.000850974233903866
Visa_mpagosdolares_lag1	0.000361019483822786	0.000810701504709075	0.000929930606121751
Visa_mlimitecompra_delta1	0.000342735303975424	0.000366692863662402	0.000561467535771623
Visa_msaldodolares_lag1	0.000342400857824398	0.000995203493046933	0.00107907042031109
thomebanking_delta1	0.000337061879426386	0.00097674674102066	0.000622878047496644
cprestamos_personales_delta1	0.000336723289438256	0.00199777111696782	0.000307052558625106
Visa_status_lag1	0.000331864821859689	0.0007251481188152	0.000175458604928632
Visa_mpagado_lag1	0.000331659919434237	0.00159932550343965	0.000789563722178845
tmobile_app	0.000331188924780873	0.000207753006877373	0.000701834419714529
catm_trx_lag1	0.000329080521476312	0.00248322563108661	0.000903611815382456
mtarjeta_master_consumo_delta1	0.00032070732300372	0.00177104776886841	0.000736926140700255
Master_mlimitecompra_delta1	0.000313492870347441	0.000988064043058265	0.000614105117250213
mttarjeta_master_debitos_automaticos_lag1	0.000310500578396785	0.00119901138596453	0.000649196838235939
Visa_msaldodolares_delta1	0.00030849429232166	0.00189996939994442	0.000772017861685982
Visa_Fvencimiento_delta1	0.00030796240566759	0.000300179724826117	0.000587786326510918
Visa_mconsumototal_lag1	0.000303299857368519	0.000254003428989584	0.000579013396264486
Master_cconsumos_delta1	0.000302416867633841	0.000927969733242854	0.000614105117250213
Visa_msaldodolares	0.000300717769972555	0.00102558291169551	0.000657969768482371
ccajas_otras_delta1	0.000294490354145739	0.000906348265003848	0.000140366883942906
catm_trx	0.000286988791001405	0.00148141055000793	0.000693061489468097
Master_Fvencimiento_delta1	0.000286005566659684	0.000213816014427939	0.000570240466018055
ccajas_otras	0.000283501954798058	0.00118405944088992	0.000193004465421495
ctarjeta_master_trx	0.000282575124564655	0.00259397926497628	0.000833428373411003
ctarjeta_master	0.000277709602837508	0.000216185139309174	0.000193004465421495
cseguro_accidentes_personales	0.000274696455213283	0.000481235531962437	0.000561467535771623
cextraccion_autoservicio_delta1	0.000272703683265762	0.000514231776960045	0.000605332187003781
matm_other_lag1	0.000269841314206392	0.00116880231962652	0.000649196838235939
mforex_sell	0.000262138167619344	0.000932926064656957	0.000605332187003781
cseguro_accidentes_personales_lag1	0.000258145195724972	0.000438459990044625	0.000438646512321581
ctarjeta_master_trx_lag1	0.000256883201447807	0.00060972552711641	0.00049128409380017
Visa_fechaalta_delta1	0.000253672573925411	0.00046298136106224	0.000535148745032328
Visa_mconsumototal	0.000251793425863241	0.000282343991380651	0.000605332187003781
Visa_mfinanciacion_limite_delta1	0.000250063453965032	0.000745161676101255	0.00054392167527876
Master_Finiciomora	0.00024955539579571	0.00115987808387596	0.000210550325914359
tmobile_app_lag1	0.000248069884335558	0.000134449793759626	0.000570240466018055
ccajas_trx_lag1	0.000245927565553629	0.00144134253553423	0.00130716660671831
Master_fechaalta_delta1	0.000242842545682012	0.000145250820866838	0.000570240466018055
Visa_delinquency	0.000237160890191854	0.000258292010040387	0.000140366883942906
cpagomiscuentas_delta1	0.000235984428268983	0.00129293413483524	0.000666742698728802
ccajas_extracciones	0.000235823149491166	0.00235370024686667	0.000614105117250213
mplazo_fijo_dolares_lag1	0.000234206624114993	0.00192874129131642	0.000552694605525192
minversion1_pesos	0.00022945610916954	0.0024231257963314	0.000210550325914359
matm_other	0.000226134833625927	0.00119144620867	0.000552694605525192
mcaja_ahorro_adicional	0.000225098284858354	0.00167216914899525	0.000350917209857264
mforex_sell_lag1	0.000214024221428906	0.00059930372573839	0.000561467535771623
Visa_mconsumototal_delta1	0.000211071686899568	0.000192646440223577	0.000394781861089423
mprestamos_hipotecarios	0.000205760495804292	0.00127868431752713	9.65022327107477e-05
mttarjeta_master_debitos_automaticos_delta1	0.000200557517335345	0.00258015448435656	0.000526375814785897
ccuenta_debitos_automaticos_delta1	0.000197039930078931	0.00172072707756285	0.000342144279610833
minversion2	0.000191200011501453	0.00365566443539673	0.000359690140103696
matm_other_delta1	0.000177182103707293	0.000904525341810267	0.000517602884539465
tpaquete9	0.000169257238646121	0.000587544044840245	0.000193004465421495
active_quarter_lag1	0.000168975600992358	0.000123405746036398	0.000289506698132243
cseguro_vida_lag1	0.000168359235671129	0.00155986108863932	0.000377236000596559
mforex_sell_delta1	0.000164575212141196	0.00105767767068208	0.000394781861089423
ctarjeta_debito_delta1	0.000148295479177142	0.00275545591321848	0.000307052558625106
catm_trx_delta1	0.000143615166458955	0.000821748698578579	0.000386008930842991
mcheques_emitidos_delta1	0.000138894702548445	0.00236331533029832	0.000298279628378675
cforex_buy_delta1	0.000138503628780315	0.00157870719545109	0.000140366883942906
Visa_mpagosdolares_delta1	0.000137243481276749	0.00121922161576049	0.000675515628975234
minversion2_lag1	0.000135729537425763	0.00275906922384903	0.000280733767885812
ccheques_depositados_delta1	0.000133241151076636	0.00270879725944312	0.000254414977146517
tcallcenter_delta1	0.000131339515464065	0.000264207455657073	0.000245642046900085
Master_delinquency_lag1	0.000130324128659476	0.000854090852091842	0.000193004465421495
cpayroll_trx_delta1	0.000129017446105875	0.000388773132110804	0.000333371349364401
ccajas_trx	0.000126580557587527	0.000153694617060444	0.000254414977146517
ccajas_extracciones_delta1	0.00012572341864164	0.00114467014992385	0.000333371349364401
cseguro_vivienda_lag1	0.000123709540183834	0.000331577113633227	0.000201777395667927
Master_delinquency	0.00012245006909423	7.09975483089604e-05	8.77293024643161e-05
internet_delta1	0.000120393797288381	0.000277722839647874	0.000236869116653654
ctarjeta_master_trx_delta1	0.000119987798052267	0.00189912937888868	0.000377236000596559
catm_trx_other	0.000114847004084524	0.00100572658498799	0.000236869116653654
Visa_delinquency_lag1	0.000110244417180699	7.26171230237157e-05	9.65022327107477e-05
Master_mconsumosdolares	0.000110171215317221	0.000161393390468796	0.00032459841911797
mtarjeta_visa_descuentos_delta1	0.000105805722594746	0.000912341520189413	0.000228096186407222
Master_msaldodolares_lag1	0.000104999291922365	0.000913739560165161	0.000210550325914359
ccajas_depositos_lag1	0.000104604762343145	0.000435442835765772	0.000140366883942906
tpaquete9_lag1	0.000101915906711713	0.000336354651856513	0.000166685674682201
ctarjeta_master_debitos_automaticos_lag1	0.000101645652154816	0.000395887029252888	0.00021932325616079
Master_mpagado_delta1	0.000101050804093485	0.000530942648008865	0.000193004465421495
cseguro_vida	0.000100951085621296	0.000378870137927253	0.000175458604928632
mcheques_depositados	9.85129827225391e-05	0.000999754969149984	0.000280733767885812
Master_mconsumototal	9.81344803124865e-05	0.00017129001562452	0.000157912744435769
cliente_edad_delta1	9.5942119691669e-05	0.000182176449092839	0.000149139814189337
tmobile_app_delta1	9.52884982715626e-05	0.000529219250466996	0.000263187907392948
Master_mconsumosdolares_lag1	9.48493275401154e-05	0.000374210848762787	0.000263187907392948
ctarjeta_visa_delta1	9.3577918526815e-05	0.00178883477541423	0.00021932325616079
mprestamos_prendarios_lag1	9.32337963641189e-05	0.000427447250313609	0.000140366883942906
cseguro_vivienda	9.28176867411964e-05	0.000189896938584024	0.000166685674682201
catm_trx_other_lag1	9.26709736527431e-05	0.00142576427714483	0.000298279628378675
ccajas_consultas	9.2507696584773e-05	0.00066743597887778	0.000201777395667927
mcaja_ahorro_adicional_delta1	9.11447648798946e-05	0.00200998223148896	0.000263187907392948
catm_trx_other_delta1	8.83846073168234e-05	0.000218053796726673	0.000210550325914359
mprestamos_hipotecarios_lag1	8.24536725557883e-05	0.00173658319438312	0.000149139814189337
Master_mconsumosdolares_delta1	8.21353418731873e-05	0.000186993582718039	0.000289506698132243
mcheques_depositados_delta1	8.06038582189882e-05	0.00225587719743681	0.000289506698132243
ccajas_extracciones_lag1	7.90007474644966e-05	0.000709626337588223	0.000315825488871538
minversion1_pesos_delta1	7.80475006854401e-05	0.000164011214376399	0.000140366883942906
Visa_status_delta1	7.69295753371525e-05	0.000867967429022204	0.000298279628378675
Master_msaldodolares	7.68572575113728e-05	0.00191004827137833	0.000210550325914359
active_quarter	7.38983834778435e-05	4.84158915735205e-05	0.000131593953696474
Master_mpagado_lag1	7.27025143929314e-05	0.000164478455466049	0.000122821023450043
Master_status_delta1	7.05773996113103e-05	0.00022129609230246	0.000228096186407222
cprestamos_hipotecarios	7.00365995789024e-05	0.000570669727655613	4.38646512321581e-05
minversion1_pesos_lag1	6.56205892895128e-05	0.00187345590445178	0.000175458604928632
Master_msaldodolares_delta1	6.31182243164153e-05	0.00134115343063413	0.000166685674682201
cforex	5.88520767238648e-05	0.000160519145480394	0.000122821023450043
cforex_lag1	5.53978588589034e-05	0.000744778076461387	0.000157912744435769
Master_mpagosdolares	5.38809396174605e-05	8.71617572584768e-05	0.000184231535175064
ctarjeta_visa_lag1	5.21064022544504e-05	0.00200152009556462	0.00027196083763938
Master_mpagado	5.01244783480623e-05	0.0003306347277206	0.000149139814189337
cforex_buy	4.74343456947384e-05	0.000639879344056405	6.14105117250213e-05
ccajas_depositos	4.73282635962804e-05	0.000521716612421617	9.65022327107477e-05
cforex_sell_lag1	4.57107463585978e-05	0.00117022077118542	0.000122821023450043
ccheques_emitidos	4.45343517015463e-05	0.000798204397817905	9.65022327107477e-05
Master_mconsumototal_delta1	4.44412086994472e-05	0.000121641218387114	0.000114048093203611
active_quarter_delta1	4.43524922990043e-05	0.000117022061771487	7.01834419714529e-05
cforex_delta1	4.06935542623031e-05	0.00027047358148064	0.000114048093203611
Master_mpagosdolares_lag1	4.04657452882598e-05	5.26583547240311e-05	0.000131593953696474
mtarjeta_visa_descuentos_lag1	4.03041158954989e-05	0.000189689292929797	9.65022327107477e-05
mprestamos_prendarios_delta1	3.92227166604341e-05	0.0014835441743301	0.000149139814189337
cprestamos_hipotecarios_lag1	3.86033911126006e-05	0.00150562873995391	0.000114048093203611
cforex_sell	3.82236087208728e-05	0.000205643400696284	7.01834419714529e-05
Master_mconsumototal_lag1	3.52873798178136e-05	0.000276064590354504	0.000131593953696474
mprestamos_hipotecarios_delta1	3.48941210264694e-05	1.14056243391629e-05	6.14105117250213e-05
tpaquete7_lag1	3.36383579371287e-05	0.000951960403098371	0.000236869116653654
ctarjeta_visa_descuentos_delta1	3.32595418892819e-05	0.000670653872636108	9.65022327107477e-05
mforex_buy_delta1	3.26876514976083e-05	0.00143546254161461	0.000131593953696474
ctarjeta_master_debitos_automaticos	3.07358432794508e-05	0.000176951927892511	0.000114048093203611
Visa_delinquency_delta1	2.76652725580641e-05	4.00353252465382e-05	5.26375814785897e-05
ccajas_consultas_lag1	2.76151360650863e-05	0.000458789082781598	0.000149139814189337
ccheques_emitidos_lag1	2.40109697738595e-05	0.00044078852196537	4.38646512321581e-05
cplazo_fijo_lag1	2.26889721018828e-05	0.000262252087378792	4.38646512321581e-05
cinversion2	2.26454134220395e-05	0.00104096089101709	9.65022327107477e-05
Master_mpagosdolares_delta1	2.25363134020467e-05	3.5510246078097e-05	8.77293024643161e-05
ctarjeta_master_lag1	2.21781115062422e-05	0.000210792260915434	4.38646512321581e-05
mcheques_emitidos_rechazados_lag1	2.17289707331571e-05	4.12020851033493e-05	1.75458604928632e-05
ctarjeta_master_debitos_automaticos_delta1	2.04121121800199e-05	7.1924817372407e-05	6.14105117250213e-05
mtarjeta_master_descuentos_delta1	2.00179571913697e-05	0.000165708061513109	4.38646512321581e-05
ccheques_depositados_lag1	1.99388176336809e-05	0.000660269594807576	5.26375814785897e-05
cforex_sell_delta1	1.89620273902796e-05	2.72143954947464e-05	2.63187907392948e-05
ccheques_depositados	1.86653389627825e-05	0.000410236909359626	6.14105117250213e-05
mtarjeta_visa_descuentos	1.8523984407338e-05	0.000173301323918297	9.65022327107477e-05
tpaquete7_delta1	1.80255707266499e-05	0.000649929593232737	7.01834419714529e-05
mcheques_depositados_lag1	1.68666222909335e-05	0.000132582364106528	3.50917209857264e-05
ccajas_depositos_delta1	1.67419612294992e-05	0.000185141116443572	4.38646512321581e-05
ccajas_otras_lag1	1.59332357427384e-05	0.000114142800781861	2.63187907392948e-05
mcheques_emitidos	1.48093525253636e-05	0.000167055993354262	3.50917209857264e-05
mtarjeta_master_descuentos_lag1	1.47738931852398e-05	8.11917528612455e-05	2.63187907392948e-05
cprestamos_prendarios_lag1	1.44316719027678e-05	0.00035142430884302	4.38646512321581e-05
cpagodeservicios_lag1	1.39235176508644e-05	0.000390835469362475	4.38646512321581e-05
mcheques_emitidos_lag1	1.3422161909546e-05	0.000579840053433191	5.26375814785897e-05
Visa_madelantodolares	1.27642252626657e-05	2.41117581195118e-06	1.75458604928632e-05
cseguro_auto_lag1	1.26458814304952e-05	0.000150066112845437	2.63187907392948e-05
minversion2_delta1	1.18565999413704e-05	0.000182697251404458	4.38646512321581e-05
Visa_madelantopesos	1.0507697983492e-05	7.17988947860849e-06	1.75458604928632e-05
Master_madelantopesos_lag1	9.84204181989414e-06	3.15277620393835e-05	0.000131593953696474
tcuentas	8.94831038044907e-06	1.26152024794399e-05	2.63187907392948e-05
ctarjeta_visa_descuentos	8.59610221424313e-06	8.56180737307248e-05	1.75458604928632e-05
mforex_buy	8.14077245094854e-06	0.000345071088482296	2.63187907392948e-05
mtarjeta_master_descuentos	6.46997589698112e-06	8.29369432212227e-05	8.77293024643161e-06
cseguro_auto	5.49787488478913e-06	0.000133521757343429	1.75458604928632e-05
Master_delinquency_delta1	4.21583528040684e-06	1.52933403132159e-06	8.77293024643161e-06
mcajeros_propios_descuentos_lag1	3.95745887203444e-06	6.06832530512554e-05	2.63187907392948e-05
ctarjeta_master_delta1	3.7346642344938e-06	3.22194538084921e-05	8.77293024643161e-06
Visa_madelantopesos_lag1	3.34441109785355e-06	1.13245918887326e-06	8.77293024643161e-06
cinversion2_lag1	3.24768831985196e-06	8.47656982957063e-05	8.77293024643161e-06
cinversion1_lag1	3.16858017696237e-06	2.3729693185144e-05	8.77293024643161e-06
ctarjeta_visa_descuentos_lag1	2.76131523963696e-06	7.34988113337952e-05	8.77293024643161e-06
mpagodeservicios_delta1	2.64299300120541e-06	2.05786358513663e-05	8.77293024643161e-06
Visa_cadelantosefectivo_lag1	1.70953423990064e-06	2.61613573155278e-06	1.75458604928632e-05
mcajeros_propios_descuentos_delta1	1.577737721549e-06	4.71221348365369e-05	1.75458604928632e-05
ctarjeta_master_descuentos_lag1	8.9219943954857e-07	7.39198577878776e-06	8.77293024643161e-06
mplazo_fijo_pesos_delta1	2.96078254554833e-07	1.37264059971303e-05	8.77293024643161e-06
mcajeros_propios_descuentos	8.9690671366005e-08	1.79984122285269e-05	8.77293024643161e-06
Master_madelantopesos	3.77599758098855e-08	2.63778275263837e-05	0.000122821023450043
Master_madelantodolares_lag1	4.58147858377216e-13	1.09854219731058e-06	8.77293024643161e-06
Master_madelantodolares_delta1	2.08650664706357e-13	1.50915265398905e-06	8.77293024643161e-06
Master_cadelantosefectivo	1.48495044279359e-13	1.94409586637911e-05	6.14105117250213e-05
Master_cadelantosefectivo_lag1	7.52219233428217e-15	1.85367101828531e-05	4.38646512321581e-05
Master_madelantopesos_delta1	6.27327804956105e-15	1.26789694929888e-06	8.77293024643161e